Sample	1.0	2.0	3.0	4.0	5.0	6.0	7.0	8.0	9.0	>10	>50	>100	>500	>1k	>5k	>10k+
H3K27_A_R1	74.95773444972882	13.932920971687285	2.760049553295041	0.7841965980187425	0.3928573389558494	0.310694270886375	0.25488174528863483	0.22275452124486564	0.19742183421580037	3.6816967855359843	0.30812757298759685	0.9707699513640928	0.3284748287415794	0.1001919863508066	0.0	0.797227591698651
H3K27_A_R2	76.32091301565637	13.646879026791927	2.6462032132420212	0.7990511049979243	0.43634644994872746	0.31464164367221675	0.2499292527461141	0.2489283376846777	0.20760273384115968	2.270110230173858	0.33249866010038787	0.8696582491658632	0.5539800710449073	0.1826937872412891	0.06669885933886877	0.853865364353749
H3K27_A_R3	76.02274097251846	13.64074341541362	2.628233766631653	0.7497460722660638	0.4452013348548488	0.2925425914247695	0.29288592974497957	0.24919052974141667	0.21916268176081685	2.1023404441620497	0.22652179613530019	0.9320565244087411	0.29481857998820543	0.018136917109809244	0.0	1.8856784438394458
H3K27_A_R4	72.79771509957578	14.187869354064206	2.9109238753666355	0.843243712647099	0.4420708685605065	0.3127693047139822	0.2835758738945354	0.21105232588706702	0.2232234528163982	4.103296951133219	0.30204588573004787	1.1200701922814789	0.302721918589719	0.28829442511928044	0.0	1.671126759620182
H3K27_N_R1	72.6588991494711	13.272948427577788	2.57111841527257	0.7140937398261864	0.34781199122990125	0.22762256137215656	0.21774577890671293	0.18601280938550963	0.16891135183072578	3.5226325695752294	2.360000812069136	1.573330763996247	0.36621958682386774	0.3427175582401837	0.0	1.4699344844226112
H3K27_N_R2	75.59933166217854	13.812545491434589	2.748032168630864	0.8056230054332243	0.34983285764125516	0.255659013366774	0.23266116623716707	0.15335477618763305	0.16600670042098953	3.1816163468390037	0.3721629313314773	0.7243428253753623	0.2690010259472778	0.079523809074254	0.0	1.2503062199016919
H3K27_N_R3	72.38908831948653	12.40114464920197	2.227989459397983	0.6697885115588235	0.3739459986338079	0.27878008990675324	0.20221897750778722	0.17673544883155795	0.15102524135861903	3.536189416017474	2.6171177499721288	1.5753398476970664	0.28786065218739315	0.17114012463041942	0.0	2.941635513611663
H3K27_N_R4	74.84952084431089	12.767087799570911	2.384115869282946	0.6705548852811699	0.3466018812377388	0.2692538403820563	0.2555989519289675	0.22191230454043728	0.18391982959579933	3.9339697546212338	0.7992179082596544	0.9859380431837613	0.4025227488310465	0.1311222862043843	0.0	1.7986630527690135
H3K4_A_R1	72.46272953898205	11.295548822525028	2.261404248418196	0.8078870683790462	0.4749766027537573	0.34248991306535076	0.318051847690936	0.24902306077960767	0.204922157112657	5.3541724720917605	1.5423306230926084	1.3957201180207217	0.5689024616803462	0.15550015283209123	0.0	2.566340912575854
H3K4_A_R2	75.49876307781346	12.367897603432205	2.3318396535157753	0.8353796889460339	0.5136535094620087	0.3840913990615431	0.33569695414484674	0.3178140836770141	0.2774009722268651	3.0075804968098288	0.2690718106349659	1.4135792335173178	0.5716406061207755	0.417320648441702	0.07963408493208456	1.3786361772635543
H3K4_A_R3	75.93350729108688	11.635313042211262	2.2456962176706563	0.7893699208784827	0.4906574865551623	0.38245156159711224	0.2980194239463319	0.28741296534561117	0.27071063415602764	3.6423329599720065	0.44461231764648146	0.9729225898009795	0.8454790381046502	0.31754352056675184	0.0	1.4439710304614553
H3K4_A_R4	73.45721084793404	11.75296152775253	2.3304199683174645	0.8581474536906796	0.525572884673164	0.4122072471152894	0.3202802155954414	0.27422923361751056	0.2678724471624227	5.580686685176901	0.6776643501494463	1.36253581894025	0.7311971352394746	0.41147657010928856	0.1083223959564	0.9292152185697021
H3K4_N_R1	62.78204436125685	8.49741860226945	1.6598434393570523	0.668876734228532	0.4639266875714499	0.3367484548185082	0.28463494716580295	0.2524676533172056	0.18620017989773385	4.709454190289525	6.969759213178691	6.323563155090469	0.5000601171991494	0.42666764040680705	0.17424835485710932	5.764086269095695
H3K4_N_R2	70.50573572970652	12.086502395729172	2.5334165678924028	0.8396089915921978	0.4899167495364088	0.339763033238793	0.27315027216720256	0.258078186796714	0.21394256151032864	5.339269479510234	3.050743461360445	1.5863172503858942	0.6017206045843002	0.4691809991385806	0.06142551889808937	1.3512281979527851
H3K4_N_R3	66.49728472707599	10.8884890872902	2.3352661229354985	0.838596349398081	0.4443998928484687	0.36040919389187026	0.2934394758411296	0.2428217002769436	0.2088223100643068	3.616281485446335	4.442698235089905	6.439485035814552	0.48892446680722373	0.43157937496031556	0.0	2.471502542259123
H3K4_N_R4	71.93506082683861	11.239990841566428	2.137881719894795	0.7252399798949362	0.48342671646971114	0.36642321985564463	0.3238629852442798	0.275530162662408	0.2394785476274777	6.803028613825254	1.5088184855259534	1.5936015809265982	0.567739305804646	0.4167800975594193	0.1207153341245759	1.2624215821791418
IgG_A_R1	69.29927796810051	11.175514870323958	2.140852511954863	0.6557741654523347	0.4051631215041508	0.37147738432268396	0.3053613069313629	0.23907590600956524	0.21267665987007053	3.67634158262871	2.251621313809026	4.328309858985175	0.3399165057431588	2.1270482347024	0.22002640671488757	2.251562202947106
IgG_N_R1	57.3445780866795	13.760154258269411	3.3057544691327054	0.9852520750777937	0.458877937043276	0.32897579993293924	0.29310802471014813	0.24896790227799132	0.22199847219045188	3.486811654704446	1.757446072980455	9.604497205507373	1.5839602155207053	2.0417231860424074	0.6567086085174405	3.9211860314128697
nH3K27_A_R1	69.93092395823354	11.677255544262374	2.2688449885721114	0.7189972906390132	0.4504195024880753	0.37489197463987856	0.3113725162676287	0.2755879644461853	0.2404945438588879	4.383239352725716	3.5038030392541004	3.2062891553803903	0.6917213289067347	1.1201335748041081	0.09614330123512468	0.7498819642861184
nH3K27_A_R2	71.02462305829637	12.18962594601308	2.4080997046378636	0.8010369819403778	0.4530264163327967	0.368133032827287	0.3216717800251711	0.25618835204578083	0.2512803883195123	4.511121516926591	2.9528258131406666	1.9045497871877912	0.624428444984345	1.1325023727475902	0.1392354919833401	0.6616509125913195
nH3K27_A_R3	70.14362908923721	12.43730674087497	2.5229323223146674	0.8356873001541719	0.5162461810481779	0.3606297981773528	0.33872541926520805	0.3323512652509489	0.2804820434953693	4.738521591051059	3.113441015794843	2.0631247564280537	0.7403449298783253	0.9840900369286656	0.09169258708140109	0.500794923019722
nH3K27_N_R1	46.992804357134474	8.944581780606782	1.9346578629628957	0.6935236871401029	0.44593439228764203	0.35401888306266277	0.28400083085289285	0.25018828578890984	0.22527794183943772	3.0859177232499237	2.788952343997298	29.226919181791942	2.9019177963799914	1.0416656621113727	0.2295608591933139	0.600078411600367
nH3K27_N_R2	49.82022232468674	10.041776666477361	2.3515438341918533	0.8048045731481889	0.48247783197196104	0.3891179687882762	0.3290710101651278	0.30040041947138063	0.26234784826205965	3.308546598405397	2.557465629342392	25.395630611107162	2.0073273842890504	1.1320956625151812	0.0	0.8171716371779331
nH3K27_N_R3	48.18653252026495	10.67962880193218	2.5631649478240246	0.833932679803801	0.4535278561338723	0.337881626275642	0.3289522475276204	0.285192881726038	0.2402188671630369	2.992740426572152	2.085215337416074	25.618491833346823	3.0005328143421788	1.5015153750514127	0.18832786953315117	0.7041439150870166
nH3K4_A_R1	70.45516112342385	13.398473886677081	2.8227192072643543	0.8656241142370862	0.5195843825934113	0.41801653890060414	0.357828843508408	0.2893080480954268	0.2637260747102138	4.963822620828493	1.541952722450513	1.2369330271241918	0.8640719559515189	1.2565397849374649	0.13796507584915083	0.6082725934481501
nH3K4_A_R2	71.65542381751972	14.286679255165243	2.9744614520644514	0.8548677108643296	0.5534387705776492	0.3780593402878663	0.3924874294108489	0.32681155224755004	0.32024138479821945	3.647722295127577	0.5949679756817637	1.2593186844299145	0.6592398997369101	1.2467269593522883	0.3147369205043532	0.53481655223139
nH3K4_A_R3	73.34242408114076	13.81186277475826	2.8687528512175855	0.9417204300341467	0.6114478234923308	0.43282507548215315	0.36555386214847635	0.31853375940270834	0.2639840761066135	2.7273985618692946	0.5298913588421282	1.325080336381527	0.6305412280046744	1.168411647485706	0.11312164033522565	0.5484504932983514
nH3K4_N_R1	48.4375528231817	9.891295609864645	2.255965501490816	0.776100785333715	0.4506276098930953	0.35590985256477786	0.29746628980778184	0.27025508718922225	0.2403827052458945	2.9916867042569772	2.076293276049682	25.815608589796295	3.2707843247523996	1.253484490148417	0.1295005188235713	1.4870858316009068
nH3K4_N_R2	49.76869259724532	10.166193571564282	2.2737722561254126	0.8007037086803466	0.45750463394672125	0.3490777791274514	0.29474503712356087	0.2545642472545005	0.21974067164392588	3.023319960958967	2.177168096084608	24.52327394343717	3.5567165905775604	1.290908758566699	0.08597315751573553	0.7576449901477983
nH3K4_N_R3	52.24168128142044	10.350280817163588	2.3571559902805994	0.7859023112126255	0.474465301944378	0.37557906323499063	0.32861891819900974	0.2921801624906349	0.23173076439009693	3.222739788721508	2.302513836421192	22.98045330384249	2.1119399993064514	0.9775354056517339	0.07360684346656285	0.8936162122538017
nIgG_A_R1	66.93749428188153	12.008933235492842	2.4781058661728297	0.8247418078924342	0.440311405479417	0.3676183810309928	0.3089989631024562	0.24536463016127896	0.2256611676272427	3.8867555831889953	2.482931155286124	6.066425196731759	0.7930203604800058	1.442363959413003	0.4459915916997314	1.0452824143594057
nIgG_N_R1	43.19087879752705	9.238966553474242	2.1439869439144785	0.7285504620017695	0.40181663619103436	0.3157526147568617	0.2784275667193828	0.24015566395282437	0.2363884749552186	2.9530214128670265	1.2629171685973257	14.46561532576401	16.59549562796044	3.558212759901034	0.33792704811165397	4.051886943305448
