Sample	1.0	2.0	3.0	4.0	5.0	6.0	7.0	8.0	9.0	>10	>50	>100	>500	>1k	>5k	>10k+
H3K27_A_R1_1	75.26375333254049	14.196658583937083	2.91430189231251	0.8134407226572101	0.4040324411822418	0.31621378078265483	0.2468186588479947	0.2275989536031558	0.19289243337022413	3.693578757833675	0.3329025062107241	0.9433808480072527	0.35020382524219035	0.10422326347264343	0.0	0.0
H3K27_A_R1_2	75.96352040086715	13.761875000906912	2.7015695975569622	0.78687280465755	0.38668010933723257	0.30690109951153943	0.2577329495852564	0.22436250362129792	0.1927281401084551	3.6353191369183038	0.29167746971224945	0.9542148940874242	0.3164215162592274	0.09916637928472265	0.0	0.12095799758566818
H3K27_A_R2_1	77.60036304846139	13.56376228053477	2.6207192586440518	0.8008850356369146	0.44216864373606757	0.310063911139523	0.24460460789265592	0.2466050220976709	0.20684054221763565	2.225222714059862	0.3115239868583846	0.8523106149733475	0.476233882462596	0.09869645128512206	0.0	0.0
H3K27_A_R2_2	78.18693401396976	13.175524456015816	2.4676754509330547	0.77332978810019	0.4197844991488832	0.31686180339824865	0.256529689891271	0.22207017812860627	0.20972643566052962	2.183897691276665	0.2727469412846012	0.8708303150826368	0.42041641043200384	0.10496826260867505	0.0	0.11870406406906728
H3K27_A_R3_1	77.16553637545293	14.199569910169629	2.742400031042317	0.7501076291386949	0.41451230082715973	0.3385948498499902	0.2741520713049388	0.26215008888452984	0.2449067742792921	2.127505500822739	0.21727218688021702	0.9320459478414254	0.3217157666972177	0.009530566808913012	0.0	0.0
H3K27_A_R3_2	77.88621929757922	13.576356937001375	2.604724719904775	0.7482050046204115	0.45420224578926566	0.2927504589237826	0.2991625729549633	0.23736885501119942	0.22003195481881044	2.0735169596356533	0.21974556311232257	0.9151739807083578	0.286355805334766	0.02061775164120144	0.0	0.1655678929638583
H3K27_A_R4_1	74.92352489334297	14.194304671193056	2.8889796336317186	0.8418063048821056	0.44022207387682066	0.31827444114315906	0.2925318025814927	0.20626105838364792	0.20940025056562334	4.069671910481979	0.270639579983682	1.0568136904413297	0.24076888654484346	0.04680080294760149	0.0	0.0
H3K27_A_R4_2	75.79538715510914	13.760765350497994	2.6787366896820424	0.7701242359404492	0.40868904778485693	0.30384575002949615	0.24659083296382037	0.24482839341550874	0.21432489415040326	3.8660367628393075	0.2555109186919383	1.0089918873297152	0.2371266236610202	0.03694047367020457	0.0	0.1721009842342291
H3K27_N_R1_1	74.53818426203	13.25221017090494	2.569580457618891	0.7023290218977797	0.3382287802156739	0.23576443041703601	0.20967400084236434	0.19443972417945007	0.1598495956537344	3.5162385355895096	2.3497191625591274	1.4827073644783944	0.31054619832962804	0.14052829528345745	0.0	0.0
H3K27_N_R1_2	75.05020154178679	12.838286146143183	2.4693218591076693	0.7008709798619688	0.36682880122870254	0.2615579846075561	0.2325849970870486	0.18423375925468302	0.15771192233674816	3.4545629456505864	2.2784801042698346	1.4359933096429438	0.2917604762238502	0.13214492222292606	0.0	0.14546025057551137
H3K27_N_R2_1	76.23548248978338	14.19361355708575	2.841575357399382	0.801829365465047	0.3592846724926642	0.26998300272729425	0.22145709631992014	0.16545307369955659	0.15487112877117382	3.25131975085431	0.43769531139521317	0.7283525789595765	0.26008451551874595	0.07899809952784644	0.0	0.0
H3K27_N_R2_2	76.95492858249087	13.695772338794251	2.713547274513737	0.7880888989534972	0.345908438492487	0.26972339218687535	0.21922153395249733	0.16022051646949784	0.17405744942477333	3.141622959875476	0.35605510824718806	0.707180785500472	0.24607860361067474	0.08926243534969305	0.0	0.13833168213796518
H3K27_N_R3_1	74.37089398476355	12.840420491031718	2.3693444954552794	0.6752746882823861	0.39324189367752893	0.2553327730255303	0.22940414514686763	0.17607600986163469	0.17583483845503012	3.6485066717291876	2.772615196889381	1.6559732937455485	0.31321046176727974	0.12387105616912526	0.0	0.0
H3K27_N_R3_2	75.07005464219765	12.4849495299086	2.2560854763409797	0.6640832211878007	0.3870943001178001	0.2691609574273679	0.20926081536037122	0.16793786241852718	0.15553946102842156	3.604557094366513	2.6161368960602465	1.5150387229398994	0.2775669449605418	0.1352639460840814	0.0	0.18727012960124212
H3K27_N_R4_1	75.80510804118018	13.252384222954081	2.4417715520978844	0.7064875649210633	0.37882660936035817	0.2891650991853084	0.2521404605635268	0.20464449923969993	0.20454457390752825	4.042785472997127	0.8706070507367402	0.9961641021316969	0.4088813362187366	0.1464894145061444	0.0	0.0
H3K27_N_R4_2	76.61317981619054	12.706305273709345	2.3737488496189108	0.6642217121760708	0.34758731099352463	0.28493652411273995	0.2348160960177151	0.22574389476398699	0.1952309357645594	3.9323288711803692	0.7647173812671907	0.9728134817939016	0.38193182025384126	0.1417452236695976	0.0	0.16069280848771297
H3K4_A_R1_1	73.90721268944253	11.835860539639043	2.4299493615364307	0.789410904536416	0.5270411746405228	0.3663936612291253	0.29823950708094943	0.27270575160725297	0.24076628059871785	5.42377678977108	1.7355254830835176	1.4304731487898874	0.5818616231814677	0.16078308486310908	0.0	0.0
H3K4_A_R1_2	74.78599631529703	11.353745281970319	2.2424784554472663	0.8087383208238766	0.48708272654418033	0.36220124611535687	0.3111158235526744	0.24427998039257717	0.20711416175590713	5.420308729202888	1.4990701687112002	1.3562607780016989	0.5438517804104482	0.17167241340992495	0.0	0.20608381836465556
H3K4_A_R2_1	77.41372824400105	12.375919588715323	2.321548250684352	0.8173013298385725	0.5123531016003654	0.39138525345033076	0.33291162190036827	0.3156552686202785	0.28989663918248143	2.9708172090913214	0.24329054189811886	1.344696267916553	0.5117255438515256	0.15877113924936526	0.0	0.0
H3K4_A_R2_2	77.97756375924935	11.9523519463196	2.2575441853740887	0.8466436503348764	0.5139932274877458	0.36886564646103187	0.35097468316340574	0.30927045234222983	0.25668415845873693	2.8216793090910444	0.2547577161430142	1.3347042016624182	0.44053472068784777	0.15278441689948594	0.0	0.16164792632515987
H3K4_A_R3_1	76.64111860114741	12.001154794438417	2.3265855641383135	0.8018130386806828	0.48484170621257117	0.37601253619439406	0.3304843514605535	0.29160194812710893	0.2543905235068436	3.869738404265032	0.4694169029829263	0.9357604068784615	0.8366885142823034	0.38039270768485955	0.0	0.0
H3K4_A_R3_2	77.46518070815044	11.502064647782252	2.218881472994557	0.7772716070150865	0.4933173940818637	0.38762800908481554	0.2960337191855614	0.283242418175788	0.26324200968198447	3.603199365304255	0.43515572977269185	0.9614060515802402	0.8292824350546112	0.3103499435796442	0.0	0.17374448855613966
H3K4_A_R4_1	74.98845450010508	11.676173898284269	2.3188176359629895	0.8464226561412016	0.5180037740832868	0.400951876509408	0.3197337370676165	0.2750360988392426	0.25733948119820527	5.584680988102694	0.6258167612834779	1.322537916890895	0.6644362301808631	0.20159444535072546	0.0	0.0
H3K4_A_R4_2	75.78189914203925	11.194108213832019	2.2748692621782194	0.7867790914944248	0.4720230394428639	0.42586040433050243	0.3549022685566717	0.2921734059859261	0.25621131482185433	5.331709941025927	0.5537692562610969	1.3135959257861933	0.6314268781698839	0.17276668821866076	0.0	0.15790516785660966
H3K4_N_R1_1	66.28211148685322	9.228913701346624	1.8440968532154327	0.7064103250733222	0.46263079992503237	0.3594912735354151	0.28899104124160774	0.24135171754101156	0.18333025802990455	4.962773961609044	7.529671982526392	7.124442850934646	0.4725726991391581	0.3132110490290346	0.0	0.0
H3K4_N_R1_2	67.2531135509044	8.86554697805691	1.7413486417100217	0.7015912432345358	0.48437797599828764	0.3764046613584307	0.2886978280239061	0.2620500434069537	0.19533739626456822	4.955606536165304	7.399979868512794	6.412637038873494	0.44637213728337105	0.299508624052009	0.0	0.31742747615497
H3K4_N_R2_1	72.31033805823539	12.092714715173386	2.512949226969307	0.8305993677111005	0.4920711667266468	0.3450637651191583	0.2622022687974282	0.26689489424110546	0.23007713112705108	5.389744844851023	2.975932141679644	1.4898557566408004	0.5733366983339225	0.22821996439403675	0.0	0.0
H3K4_N_R2_2	73.0221535881532	11.675917602618222	2.381570243813692	0.870588826681638	0.48104330955303	0.35985169434265984	0.30411815335149595	0.23054305287947457	0.22592445031565622	5.26985504350194	2.795801901458386	1.4576601645101934	0.49152285485658465	0.2683080651795425	0.0	0.165141048784327
H3K4_N_R3_1	67.53617039033436	11.477122313486381	2.4310581982796693	0.86983536470196	0.5581453470185953	0.383373120236339	0.2781963078283625	0.2515153854560914	0.2040388209486594	3.6987631038363085	4.437361597899828	6.929491165235718	0.5467999964202451	0.3981288883176328	0.0	0.0
H3K4_N_R3_2	68.58572609120685	10.986504652473316	2.3407188094279126	0.8304325026531917	0.45476671050043505	0.390772633351722	0.28641035737884096	0.24512764804530238	0.2239328661322555	3.677733284366936	4.555422225982556	6.364184159177484	0.48417081755314567	0.38487830564841513	0.0	0.1892189361016336
H3K4_N_R4_1	73.73542902608267	11.267271992788249	2.143112431519212	0.7221962776491816	0.4796471032676665	0.3763792882096125	0.3289928888387467	0.26136104508111396	0.24814453939487374	6.820977971908017	1.4405460230334641	1.5154225255451086	0.5114401024422912	0.14907878423986082	0.0	0.0
H3K4_N_R4_2	74.55405056662565	10.96087073460685	2.0719324804828703	0.7235727881458505	0.46694286909035304	0.34140637016347336	0.3200152912291265	0.2379686037802432	0.24719758733009362	6.622244796583947	1.2182509947526317	1.4326847987530356	0.4911473531200256	0.14429281113223802	0.0	0.1674219542035837
IgG_A_R1_1	69.93117757086556	11.025265175752889	2.1137790933151224	0.6556903405538889	0.4287919164352767	0.34728796563557773	0.3305357870489496	0.25347904579458463	0.22123902391031747	3.623971970547632	2.2367120427637666	4.269574633421125	0.3269985461606192	2.181314222489623	0.2994138746570627	1.7547687906479215
IgG_A_R1_2	69.95338610687276	11.01385423138092	2.0816931014300297	0.6735383548713207	0.40292475757192764	0.36719654845404304	0.30368197749307085	0.2447854868151355	0.21446048430011588	3.6818443131530216	2.240126247801345	4.221781047800765	0.32772147860764844	2.141450289602476	0.26085266251138467	1.8707029113343026
IgG_N_R1_1	58.7854557494505	13.739684015647649	3.2767821111449593	0.9766978658494081	0.4738088999597479	0.3371675979804792	0.30163449857302976	0.2558475662534563	0.2349109443118257	3.505404010211457	1.7842263712429782	9.675564948055188	1.5331821988379033	1.9324758672394096	0.6120392272888524	2.575118127953066
IgG_N_R1_2	59.838700316122164	13.211715854822534	3.1288900998882756	0.9907645818843928	0.46890698025719624	0.36088583332085816	0.30696933805552384	0.2529112080590426	0.23752927186831613	3.5264001572258517	1.7420707080545166	9.146037558684382	1.3279549353814315	1.96830564700271	0.862114667382596	2.6298428419904765
nH3K27_A_R1_1	69.95955245730904	11.690684231878208	2.3521963423702617	0.8649500217360794	0.48210254515290324	0.35960112450985127	0.30637683527529375	0.2732971902758787	0.21831639384833645	4.556483619152133	3.542670573879304	3.3983640784447386	0.7290638890036996	1.1264146709300267	0.13992602623418732	0.0
nH3K27_A_R1_2	70.88327205940143	11.513784196162295	2.218094828791868	0.7264925893321238	0.4635997184119411	0.38947082245041537	0.31084184383511965	0.2708423724275507	0.24530126960969093	4.418028365365187	3.4897693746733247	3.1080149523559837	0.6718595065533836	1.1102555336088737	0.0959597652450235	0.08441280177593957
nH3K27_A_R2_1	71.07179846728377	12.46185923271462	2.416911335711893	0.7440674909373838	0.4368924819787924	0.3818316132589818	0.3253446789175586	0.288140779016746	0.2427123305231133	4.541971330813414	3.1463042985823613	1.963484816214911	0.6483080028380153	1.1436562337126657	0.18671690749572917	0.0
nH3K27_A_R2_2	71.96981202175941	11.964182438896708	2.3892936437731866	0.7898420577174878	0.4540907871096917	0.38038616783289453	0.3247939448681346	0.24405610301618455	0.257906651704406	4.518705319577789	2.903749910651785	1.853492726118045	0.6156499827570452	1.1140551206223726	0.13861100455689032	0.08137211903798232
nH3K27_A_R3_1	70.4288894804585	12.559898437947473	2.6254797790407522	0.8227150921281012	0.5092850017643871	0.3645480444759279	0.320883955475287	0.2867108245540812	0.29294151107297367	4.794289952544937	3.139349823047983	2.0332411272346205	0.7332733282625324	0.9912662727569334	0.09722736923555221	0.0
nH3K27_A_R3_2	71.06120981330722	12.302501749810132	2.4758726851083455	0.8321887962367042	0.5058192245852461	0.35603017602291526	0.34971985509884673	0.3393868024928435	0.2653494096744988	4.733157687626112	3.041628931512299	1.928992498404175	0.7019919244109923	0.9413074455525564	0.16484300015697223	0.0
nH3K27_N_R1_1	47.8385975112023	8.865919077778148	1.9620882265643342	0.7166063435227064	0.4824072475245832	0.37307250459890196	0.30522976991203044	0.2678898400105498	0.23166556206106015	3.192812279048354	2.850532202982433	29.063447015821193	2.796014844322301	0.9506001548864598	0.10311741976441753	0.0
nH3K27_N_R1_2	49.06247555450374	8.647198066092452	1.9856284280521042	0.7230646119367212	0.47315639346324967	0.36423393724563313	0.3370963077033484	0.29450047526516177	0.2650007175895694	3.4036040103766068	2.884472662851996	28.0222861929818	2.4945899359570416	0.8596384223109493	0.18305428366952436	0.0
nH3K27_N_R2_1	49.363255501115724	10.298949476856182	2.407646003960515	0.8308751062112543	0.4935486081996873	0.40925004928307646	0.33139785285899004	0.2732305858943323	0.25238520943535603	3.246098463097679	2.5418520626720964	26.189176538575843	2.141348840858398	1.1772245583984973	0.043761142582370474	0.0
nH3K27_N_R2_2	50.641736958860875	9.984667858947361	2.3332772661292065	0.8469246001173667	0.5091379277257856	0.40233118231326176	0.34154722860699965	0.3291682140988372	0.26986299172900935	3.4040919552118645	2.6509541174608366	25.147603351036764	1.9349826447412672	1.1189072778338718	0.0	0.08480642518670486
nH3K27_N_R3_1	49.082470694501716	10.633533070624779	2.5599091463313295	0.8630557012738734	0.47104443306567384	0.35548286952226565	0.3334388118490299	0.2989035069423887	0.24924307939686186	3.0691240661915504	2.1343526647407587	25.584253103043388	2.8400908351669916	1.4052417902857013	0.1198562270639708	0.0
nH3K27_N_R3_2	49.978868788941725	10.575504345497729	2.478685765436223	0.8575568135323145	0.4947845454577917	0.3772519441363233	0.33609423606868294	0.2953884144833992	0.25846816805134404	3.197507603384284	2.1577700049556494	24.93687984407232	2.5856914070513874	1.3109919503316474	0.0778862363601162	0.0806699322388451
nH3K4_A_R1_1	71.50244296960292	13.254573404418368	2.7629670207363315	0.8501967876319804	0.5424505586597043	0.4135395660728713	0.3597491978393067	0.2896742564254876	0.25391815526975936	4.973795052676596	1.4922920373234945	1.1996071952797172	0.8404788650296473	1.1634942188504713	0.10082071418325797	0.0
nH3K4_A_R1_2	72.22033603910911	13.002114373895271	2.647051572340889	0.890887777160416	0.4780390582642112	0.41677582890902426	0.35009917909739957	0.2769591042328557	0.26205276216871165	4.821930616143506	1.3806673614263365	1.1899859459002688	0.8103096508606451	1.0810202743680335	0.09273844970565417	0.07903200641765369
nH3K4_A_R2_1	72.75972480405423	14.105373563195082	2.9185503282765706	0.8588827316020725	0.5500546026498493	0.386081817247438	0.3708207797538583	0.33245839623598084	0.3178246132613656	3.595690461875341	0.5930334835622736	1.2405895853629036	0.6151417650864125	1.242986670637703	0.11278639719889948	0.0
nH3K4_A_R2_2	73.5537705003946	13.603397494476477	2.7864145723644294	0.8866028857246716	0.5501909985853436	0.406964352781537	0.35598378377703166	0.2875872916804524	0.2887999278969938	3.4940685573947423	0.5824329460309698	1.2226939685397873	0.6215538758891195	1.133939876666256	0.22559896779776653	0.0
nH3K4_A_R3_1	73.43029308321437	13.911413543609427	2.953527861763268	0.9196086638307793	0.5886403346871272	0.47159574560786927	0.3413271586582643	0.33207575089152525	0.2672485967532179	2.916181274924765	0.5416107796086056	1.3750949610164445	0.6793025656052586	1.1500331466558622	0.12204653317306649	0.0
nH3K4_A_R3_2	74.22763424431848	13.5808032497061	2.8012528265291974	0.940945020251384	0.612791880151545	0.4292102130316634	0.35155229581518577	0.31925033072567793	0.26439818828175626	2.6754546568875894	0.5272846548523487	1.3246946923223317	0.6276233195246955	1.1379500750840619	0.17915435251797965	0.0
nH3K4_N_R1_1	48.47310686505162	10.080697840360697	2.2794250140946732	0.8003754864263882	0.4766888285890206	0.3687449366250834	0.309951989031459	0.26499713004899217	0.23247486641722914	2.9940746710361816	2.111304653425212	26.519319575962523	3.6909062541443576	1.2629086398370468	0.13502324894960832	0.0
nH3K4_N_R1_2	49.61262832858427	9.86900153760125	2.241508015326996	0.7896753874929394	0.49298483017094297	0.38212118314073956	0.31375182703751786	0.2876764085409397	0.2515766557302515	3.093094661806594	2.138438241609219	25.966020358678676	3.1348641620065565	1.1881861240246836	0.12970026353675135	0.10877201471173492
nH3K4_N_R2_1	50.66750844439538	10.12452292341653	2.273359682484724	0.8351077385284459	0.4653586656653219	0.37179905044479633	0.3126972970643818	0.26460839901892286	0.23182124540522603	3.09717730736395	2.2052977727456686	24.463718399280598	3.3984107086793545	1.2018958298672346	0.0867165356393533	0.0
nH3K4_N_R2_2	51.76121575181983	9.91011165218511	2.229788539896642	0.7574229251438206	0.478325294117645	0.39192552273206405	0.3521002234163445	0.3019127846963945	0.25044586233218546	3.322233788193981	2.2274823458529176	23.840868260063406	2.918044252714338	1.0517635481311471	0.11703663877222785	0.08932260993190073
nH3K4_N_R3_1	52.143841465057136	10.525993079539875	2.397608679085549	0.8213145968573338	0.4958284757213902	0.38253213427296917	0.31865829619702196	0.26011662157031074	0.25194298950166377	3.1433731497795465	2.3444396306698896	23.56935218950889	2.2081171662041648	1.057797238781084	0.07908428725311044	0.0
nH3K4_N_R3_2	53.15271362643438	10.224622466140955	2.376464986350275	0.8009664189424941	0.4965043090684785	0.4031819979946232	0.33958745438515653	0.3035621959360369	0.25350853766138365	3.33539564638382	2.3240260299244713	22.827448390440292	2.0488048898260067	0.989050239215109	0.036619042616134495	0.08754376868047158
nIgG_A_R1_1	66.96677901856276	12.377866675373621	2.487344145493985	0.7879246755863795	0.4517814633558107	0.3699903032135592	0.30425539293141723	0.2324819887257943	0.25321772682095445	3.8503741687917654	2.592331745514446	6.277125708695924	0.7507174996932211	1.745580464037954	0.41650009607196264	0.1357289271304021
nIgG_A_R1_2	67.8964241001301	11.841290371950153	2.443160125124862	0.8360567792789702	0.4639637751810617	0.36378591621182593	0.31143916545596967	0.25889377346365544	0.23324881442319895	3.8838437307016775	2.5037518545810387	5.9607765956492615	0.7840068565432459	1.4169791365373123	0.44320967310519377	0.3591693316623533
nIgG_N_R1_1	44.08066947732894	9.170740093527288	2.1384258074772804	0.7441503430707024	0.40911378005164045	0.3454675529130684	0.2949049364919147	0.26352520714947253	0.24923614561191565	3.0942049609043716	1.3199878946418768	14.734503792048187	16.213139465821854	3.3818054657241685	0.33815934918529045	3.2219657280520266
nIgG_N_R1_2	45.057108777470404	8.947900197767954	2.111204806012417	0.7311172598163442	0.42814414722695293	0.39541334510456777	0.3051048939645511	0.2680685016123311	0.21867979343502164	3.3512710752258834	1.3175471019966423	14.95263171254706	14.857869576808863	3.3943875912942256	0.4518307053085437	3.2117205144081793
